lamda is: 0.01
0
192
404
427
564
654
900
956
1099
1124
1164
1179
1216
1720
1723
1979
2075
2287
2320
2341
2344
2466
2579
2744
2985
3019
3039
3284
3285
3351
3457
3505
3541
3587
3629
3749
3943
4155
4199
4251
4282
4893
4984
5299
5452
5591
5592
5606
5644
5687
5723
5738
5769
5870
5945
5996
6002
6106
6248
6287
6311
6343
6388
6611
6739
6763
6863
6981
7032
7033
7143
7226
7238
7268
7402
7506
7547
7792
7828
7871
8117
8193
8207
8322
8359
8379
8475
8490
8582
8672
8868
8896
8908
9003
9081
9083
9115
9134
9139
9436
10039
10262
10350
10368
10451
10646
10763
10822
10849
10903
11097
11268
11276
11448
11490
11630
11718
11748
11780
11952
12088
12152
12162
12286
12388
12393
12403
12554
12562
12819
12996
13038
13060
13155
13157
13192
13245
13262
13290
13291
13341
13398
13405
13488
13500
13572
13580
13622
13790
13835
13896
13950
14053
14075
14189
14728
14789
14987
15024
15038
15090
15297
15417
15420
15590
15618
15621
15631
15638
15666
15804
15841
15926
15962
16030
16070
16177
16261
16283
17125
17359
17594
17704
17749
17991
18042
18186
18393
18616
18675
18696
18781
18849
19023
19112
19291
19430
19444
19582
19783
19787
20006
20343
20688
20752
20836
20857
20962
21056
21057
21134
21160
21276
21385
21509
21743
21753
22033
22061
22216
22244
22253
22291
22409
22498
22691
22784
22797
22805
22863
23039
23116
23117
23129
23228
23316
23336
23447
23455
23494
23508
23510
23581
23669
23671
23785
23841
23861
23918
23970
24284
24290
24437
24768
24769
24799
24836
24951
24995
24998
25208
25376
25442
25607
25736
26064
26097
26238
26348
26351
26363
26364
26527
26531
26567
27014
27098
27113
27205
27229
27274
27304
27313
27373
27839
27941
28022
28028
28090
28295
28350
28388
28423
28546
28852
28891
28937
29015
29119
29318
29351
29682
29716
29770
29848
29935
29963
30058
30074
30159
30371
30382
30383
30971
31187
31223
31239
31376
31397
31445
31678
31715
31723
31785
31797
31802
31865
31873
31994
32138
32185
32285
32375
32473
32538
32539
32630
32686
32725
32863
32878
32942
32950
32971
33125
33218
33343
33363
33421
33976
34330
34531
34586
34661
34828
34911
34957
35360
35488
35682
35700
35735
35896
35928
35976
36026
36079
36229
36357
36534
36563
36614
36774
36850
36869
36895
36933
37121
37207
37448
37745
37760
37764
37823
37875
38445
38591
38708
38741
38799
38859
38956
38965
39143
39179
39385
39430
39601
39662
39745
39800
39959
40331
40402
40444
40520
40537
40607
40764
40814
40890
40913
41048
41082
41216
41410
41592
41892
42603
42627
42702
42703
42784
43127
43129
43430
43435
43566
43638
44110
44184
44237
44323
44334
44587
44676
44679
44915
45029
45201
45769
45780
45908
45940
46312
46588
46700
46826
46900
47468
47488
47556
47772
47796
47800
47817
47935
48095
48255
48268
48306
48434
48501
48551
48571
48885
49058
49083
49435
49705
49720
49734
49950
50008
50063
50064
50069
50352
50382
50392
50612
50709
50911
50999
51028
51057
51096
51098
51136
51137
51138
51149
51276
51572
51645
51693
51777
51921
51958
52002
52139
52202
52335
52418
52493
52764
52940
52962
53264
53284
53325
53399
53406
53450
53475
53497
53580
53605
53610
53846
53893
54006
54007
54016
54049
54088
54206
54402
54408
54429
54498
54551
54565
54584
54895
55009
55098
55132
55348
55366
55410
55439
55467
55739
55858
56077
56121
56304
56614
56718
56842
57018
57139
57149
57179
57214
57312
57315
57476
57592
57601
57699
57700
57721
57812
57837
57916
58210
58211
58424
58972
58997
59116
59168
59301
59355
59700
59953
59967
60127
60150
60183
60232
60235
60268
60423
60469
60710
60711
60856
60967
61024
61126
61441
61609
62429
62564
62730
62827
62988
62993
63084
63168
63285
63483
63576
63601
63614
63663
63665
63726
63998
64013
64056
64093
64094
64097
64098
64244
64292
64448
64483
64506
64822
64925
65050
65119
65179
65211
65236
65493
65681
65911
65963
66051
66183
66306
66347
66464
66481
66498
66615
66693
66855
66909
67260
67293
67317
67462
67489
67498
67600
67665
67717
67829
67903
67973
68080
68265
68338
68404
68438
68459
68569
68570
68620
68650
68674
69016
69112
69395
69407
69443
69502
69616
69699
69762
69805
69933
70071
70087
70151
70187
70226
70273
70470
70566
70571
70623
70718
70726
70876
70910
71083
71222
71257
71324
71347
71371
71537
71600
71655
71806
71891
72117
72192
72202
72208
72318
72426
72534
72576
72718
72868
72936
72978
73001
73087
73233
73295
73320
73337
73600
73661
74030
74122
74195
74278
74456
74511
74530
74574
74798
74909
74932
75114
75675
75813
75976
76057
76074
76181
76215
76597
76655
76765
76960
77045
77169
77185
77258
77342
77381
77431
77503
77652
77877
77959
78024
78117
78137
78183
78304
78367
78407
78491
78541
78563
78872
79030
79178
79190
79255
79471
79668
79844
79879
79891
80084
80308
80310
80311
80388
80432
80469
80470
80523
80551
80658
80859
80931
80965
80998
81149
81173
81204
81307
81325
81402
81459
81472
81699
81733
81999
82015
82071
82077
82210
82217
82421
82785
82800
82847
82957
83070
83114
83196
83393
83624
83806
83913
83954
83966
84016
84023
84158
84191
84282
84450
84517
84580
84719
84799
84909
84925
84949
85052
85148
85191
85278
85464
85787
85911
86193
86292
86312
86385
86468
86480
86481
86562
86615
86750
86870
86875
87092
87260
87275
87332
87343
87352
87515
87534
87772
87814
87816
87916
87953
88119
88205
88210
88340
88466
88508
88509
88577
88627
88794
88915
89087
89089
89142
89177
89205
89233
89411
89493
89566
89704
89831
89905
90160
90389
90390
90491
90517
90619
90680
90751
90816
90898
90916
91107
91110
91183
91285
91632
91718
91728
91807
91901
91965
92006
92007
92094
92188
92424
92428
92535
92544
92631
92683
92742
92848
92942
93050
93269
93313
93378
93399
93471
93622
93720
93897
93914
93947
94107
94291
94461
94559
94658
94807
94911
94931
94958
95123
95124
95174
95212
95366
95387
95461
95474
95704
95713
95735
95769
95869
96048
96281
96355
96385
96590
96616
96679
96749
96827
96980
97120
97229
97240
97286
97339
97372
97544
97557
97577
97734
97748
97802
97865
97900
97980
98188
98244
98627
98749
98811
98937
98985
99107
99150
99220
99275
99346
99356
99405
99453
99568
99673
99713
99734
100026
100391
100591
100676
100739
101173
101194
101283
101488
101634
101708
101935
101946
102013
102024
102285
102376
102502
102522
102762
102794
102811
102840
102843
103001
103053
103110
103176
103227
103336
103473
103572
103702
103779
103798
103925
103939
104123
104569
104617
104717
104739
104834
104835
105019
105193
105331
105750
105835
106180
106197
106311
106504
106662
106684
106730
106988
107066
107372
107396
107534
107546
107759
107862
107999
108016
108069
108127
108185
108262
108357
108499
108503
108504
108515
108543
108722
108802
108828
108854
108884
108973
109057
109161
109279
109468
109554
109616
109631
109642
109781
109815
109822
109943
110282
110285
110310
110355
110459
110482
110787
110912
110936
110962
111094
111096
111118
111336
111410
111604
111717
111822
111883
111953
111965
112006
112071
112115
112316
112458
112720
112739
112750
112766
112822
112842
112888
113004
113277
113349
113734
113881
114015
114040
114162
114270
114794
114959
114998
115068
115184
115263
115309
115329
115360
115500
115664
115700
115848
115979
115991
115993
116015
116023
116085
116109
116241
116252
116295
116518
116638
116757
116912
116924
117000
117151
117154
117435
117649
117733
117850
117977
118158
118257
118285
118387
118590
118795
118808
118869
118888
119029
119098
119259
119309
119368
119413
119529
119865
120371
120441
120490
120538
120562
120630
120692
120923
120944
121107
121126
121129
121200
121510
121513
121882
122011
122033
122061
122081
122358
122436
122573
122732
122781
123705
123709
123743
123760
123774
123811
123822
123939
123997
124115
124171
124174
124208
124327
124458
124542
124784
124869
124909
125015
125061
125104
125186
125256
125345
125347
125348
125399
125402
125459
125655
125814
126043
126186
126187
126326
126352
126363
126534
126900
126960
126983
127002
127010
127070
127080
127136
127283
127323
127536
127695
127720
127795
127921
127969
128028
128120
128178
128219
128430
128484
128502
128762
128774
128776
129402
129432
129503
129510
129526
129755
129784
129796
129808
129917
130120
130205
130225
130372
130414
130448
130449
130608
130707
130764
131204
131378
131383
131412
131538
131559
131566
131703
131945
132003
132016
132235
132321
132437
132451
132454
132801
133103
133195
133205
133397
133427
133459
133582
133612
133723
133726
133877
133986
133999
134113
134119
134248
134297
134440
134621
134719
134792
134835
135157
135310
135321
135329
135397
135572
135616
135668
135773
136034
136038
136042
136119
136282
136353
136383
136678
136776
137054
137088
137095
137424
137437
137737
137856
138066
138143
138146
138273
138614
138820
139080
139101
139174
139178
139308
139318
139332
139352
139374
139523
139540
139733
139766
139869
139880
139951
140041
140141
140156
140195
140301
140355
140404
140616
140638
140815
140828
140927
140946
141237
141257
141329
141597
141687
141799
141998
142069
142149
142184
142267
142485
142568
143054
143136
143146
143197
143206
143215
143444
143490
143557
143753
143946
143963
144006
144043
144050
144276
144282
144370
144376
144404
144448
144468
144493
144575
144715
144874
145075
145093
145321
145417
145549
145747
145903
146046
146054
146160
146168
146191
146226
146254
146272
146289
146346
146349
146392
146494
146561
146577
146590
146649
146656
146805
147082
147096
147132
147243
147401
147441
147490
147497
147503
147727
147834
147835
147930
147963
147981
148286
148317
148353
148420
148805
148894
148975
149282
149764
149861
149883
149910
149911
149977
150150
150245
150454
150589
150623
150664
150900
150946
151104
151124
151134
151217
151330
151388
151393
151415
151594
151757
151760
151829
151830
151831
152047
152150
152378
152379
152435
152613
152614
152886
152901
152920
152955
152991
153134
153159
153366
153689
153878
154076
154203
154222
154329
154381
154382
154457
154531
154704
154738
154806
154939
154971
155048
155326
155557
155645
155653
155697
156058
156212
156367
156463
156599
156628
156773
156785
156819
156866
156972
157023
157024
157093
157116
157458
157546
157624
157707
157751
157764
157807
157920
157957
158179
158255
158387
158418
158436
158565
158752
159034
159046
159066
159209
159372
159479
159746
159870
160004
160320
160335
160416
160532
160533
160569
160586
160672
160708
160827
160969
161014
161026
161150
161233
161236
161271
161312
161323
161346
161865
161879
162192
162243
162325
162387
162489
162509
162716
162768
162813
162890
163086
163469
163537
163766
163803
163860
163869
163893
163915
163948
163965
164058
164143
164155
164346
164402
164438
164456
164580
164667
164731
164798
164801
164865
164924
164933
165084
165174
165261
165265
165590
165601
165693
165844
165918
166003
166121
166159
166160
166336
166353
166422
166448
166462
166474
166599
166616
166647
166846
167038
167094
167158
167287
167342
167361
167378
167406
167437
167742
167989
168125
168136
168147
168324
168397
168468
168637
168646
168699
168734
168772
168818
168854
168867
168981
168994
169058
169127
169221
169333
169477
169487
169670
169763
170010
170117
170124
170315
170349
170526
170581
170584
170593
170730
170799
170824
170829
170839
171037
171051
171280
171352
171458
171511
171618
171657
171758
171828
172156
172242
172396
172407
172415
172492
172499
172804
172860
172881
173056
173160
173178
173534
173562
173658
173693
173794
173872
173960
174016
174046
174209
174233
174250
174480
174507
174702
175060
175064
175238
175344
175501
175507
175627
175851
176246
176268
176364
176490
176679
176740
177132
177169
177439
177504
177668
177683
177687
177708
177917
177933
177953
178000
178014
178135
178205
178225
178274
178649
178650
178716
178848
179032
179080
179208
179212
179213
179279
179317
179505
179661
179691
179701
179719
179790
179831
179980
180059
180116
180491
180578
180599
180699
180736
180818
180867
181204
181274
181327
181404
181432
181489
181520
181523
181684
181704
181848
181960
182063
182352
182531
182702
182735
182830
182927
183212
183356
183370
183395
183436
183506
183593
183607
183685
183892
183962
184054
184141
184219
184556
184618
184650
184679
184715
184778
184866
184938
185016
185175
185192
185211
185481
185547
185695
185991
186055
186102
186216
186440
186532
186544
186564
186738
186925
187080
187087
187223
187287
187325
187332
187346
187486
187507
187570
187735
187761
188167
188175
188206
188387
188997
189073
189620
189638
189739
189991
190045
190331
190351
190368
190383
190511
190682
190787
190899
190977
190986
191093
191161
191205
191278
191340
191567
191613
191614
191705
192102
192371
192463
192498
192640
192930
192943
193017
193018
193020
193027
193031
193165
193206
193297
193683
193775
193886
193931
194009
194051
194141
194510
194524
194629
194695
194920
195009
195046
195080
195150
195266
195316
195577
195578
195641
195802
195924
196030
196049
196052
196067
196088
196400
196404
196592
196615
196801
196822
196824
196850
196866
196887
197049
197306
197330
197336
197379
197473
197474
197572
197683
197735
197753
197904
198021
198150
198388
198441
198737
198888
198934
199052
199069
199098
199135
199226
199328
199379
199552
199562
199607
199642
199647
199778
199783
199807
199960
200021
200090
200345
200346
200368
200421
200482
200531
200653
200837
201005
201020
201025
201033
201165
201166
201265
201457
201518
201677
201706
201742
201908
201997
202238
202301
202433
202446
202455
202607
202611
202677
202812
202847
202911
203045
203148
203225
203318
203443
203482
203610
203638
203692
203786
203911
203923
204501
204530
204568
204582
204738
204802
204872
205129
205132
205154
205232
205485
205550
205639
205743
205973
206009
206033
206102
206345
206379
206399
206502
206526
206529
206544
206599
206655
206705
206706
206731
206744
206825
206962
207110
207276
207513
207524
207540
207562
207576
207675
207713
207714
207901
207906
208094
208181
208199
208209
208245
208286
208301
208740
208886
208980
208997
209115
209156
209198
209393
209420
209425
209444
209495
209709
209712
209813
210078
210193
210321
210544
210559
210565
210597
210648
210706
210736
210863
210896
210898
210951
211092
211165
211299
211338
211534
211583
211732
211758
211850
211897
211948
212028
212117
212165
212176
212222
212333
212462
212809
212933
212962
213002
213071
213455
213473
213657
213671
213730
213823
213878
213879
213895
213947
213984
214046
214104
214172
214226
214273
214351
214490
214709
214726
214851
214906
215106
215185
215486
215624
215675
215699
215728
215804
215939
215975
216144
216151
216189
216191
216348
216728
216799
216807
216969
217187
217238
217300
217319
217363
217381
217424
217575
217581
217642
217751
217900
217923
218212
218222
218260
218291
218372
218521
218569
218594
218661
218684
218881
218929
218960
219072
219095
219211
219399
219513
219534
219665
219695
219909
220267
220388
220496
220572
220677
220991
220992
220997
221106
221542
221627
221650
221789
221851
222119
222200
222263
222369
222380
222440
222611
222933
222975
223202
223232
223312
223511
223594
223741
224128
224342
224575
224617
224709
224712
224794
224959
226286
226465
226492
226540
226803
226876
226905
227190
227233
227329
227416
227452
227535
227744
227750
227788
227897
227926
228055
228107
228124
228156
228251
228286
228581
228587
228682
228790
228845
229071
229125
229147
229280
229287
229365
229440
229580
229656
229701
229901
229945
229958
230198
230234
230295
230671
230677
230714
230753
230775
231098
231113
231151
231152
231285
231289
231334
231532
231579
231611
231622
232057
232130
232144
232147
232439
232634
232648
232717
232742
232763
232791
232920
233139
233270
233277
233509
233596
233690
233718
233753
233754
233783
233823
233899
233952
233970
233983
234019
234116
234183
234361
234404
234606
234847
234858
235136
235261
235321
235513
235526
235584
235631
235885
236031
236070
236142
236393
236398
236444
236459
236532
236723
236785
236839
236957
236965
237082
237143
237372
237446
237468
237546
237700
237859
237903
238069
238154
238429
238430
238679
238705
238760
238761
238795
238803
238812
238940
239180
239200
239258
239262
239329
239397
239549
239605
239608
239620
239634
239822
239858
239931
240419
240670
240720
240745
240805
241064
241246
241256
241369
241440
241471
241491
241504
241666
241672
241896
241981
242028
242057
242098
242280
242351
242374
242488
242494
242650
242889
242950
243152
243470
243473
243489
243635
243636
243673
243734
243735
243741
243743
243782
243928
243965
244007
244020
244216
244257
244451
244474
244509
244510
244578
244618
244623
244806
244824
244837
244863
244905
245014
245041
245123
245147
245294
245367
245392
245424
245485
245552
245568
245740
245747
245872
245965
246164
246249
246431
246456
246575
246743
246755
246776
246823
246946
247114
247165
247253
247435
247439
247447
247594
247661
247731
247889
248027
248128
248144
248229
248240
248447
248720
248833
248887
248934
249051
249122
249353
249512
249608
249730
249871
249973
250001
250082
250364
250514
250547
250581
250649
250742
250806
251049
251090
251249
251294
251468
251492
251553
251569
251607
251843
251884
251892
251941
251953
251961
251976
252073
252144
252328
252815
252843
252857
252879
252899
253108
253184
253385
253394
253437
253536
253541
253761
253893
253939
253971
254025
254036
254052
254054
254087
254102
254130
254152
254198
254217
254263
254410
254454
254687
254724
254748
254822
254985
255037
255085
255323
255361
255394
255464
255725
255864
256678
256710
256857
256919
256960
257008
257036
257340
257402
257477
257876
258082
258136
258315
258390
258522
258638
258639
258640
258765
258810
258933
258952
259046
259061
259212
259250
259332
259469
259526
259563
259570
259594
259750
259809
260092
260171
260236
260314
260332
260454
260497
260529
260604
260779
260858
260984
260992
261100
261130
261227
261240
261355
261461
261490
261688
261704
261787
262079
262105
262159
262189
262222
262308
262437
262490
262495
262566
263000
263120
263178
263382
263593
263610
263631
263677
263842
263917
264075
264497
264821
264877
265443
265512
265655
265661
265968
266223
266262
266287
266307
266816
266943
266973
267150
267311
267394
267561
267596
267618
267748
267788
267896
267952
268062
268204
268214
268320
268624
268938
268995
269323
269607
270014
270236
270561
270632
270641
270848
271257
271265
271294
271726
271854
271970
271979
272023
272090
272118
272268
272336
272552
272583
272660
272694
272755
272769
272832
272841
272903
272992
273056
273152
273153
273177
273302
273334
273398
273551
273830
273918
274001
274073
274077
274078
274155
274240
274337
274364
274382
274472
274570
274586
274590
274795
274832
274925
274963
274967
275133
275175
275193
275342
275373
275475
275549
275573
275810
275828
275933
275987
276046
276052
276083
276179
276237
276252
276261
276270
276473
276569
276631
276718
276876
276950
277143
277146
277274
277315
277415
277483
277549
277694
277703
277840
277874
277914
278002
278052
278183
278199
278296
278387
278428
278504
278551
278682
278763
278780
278902
279131
279348
279435
279549
279782
279891
279893
279917
280097
280153
280196
280296
280468
280530
280569
280575
280628
280763
280835
281058
281128
281231
281260
281314
281697
281706
281855
281925
281977
282106
282337
282469
282512
282601
282627
282889
282993
283044
283067
283161
283219
283246
283255
283325
283469
283517
283586
283688
283775
283918
283974
284009
284020
284213
284387
284429
284584
284702
284776
284791
284852
285040
285117
285141
285247
285253
285327
285582
285700
285867
285868
285886
285940
286483
286487
286595
286626
286680
286923
286992
287144
287152
287193
287245
287260
287262
287292
287297
287313
287339
287381
287457
287474
287490
287637
287664
287824
287923
287934
288016
288030
288068
288106
288162
288397
288407
288560
288601
288768
288853
288970
288973
288975
289056
289121
289183
289202
289208
289216
289230
289343
289533
289543
289624
289632
289719
289845
289849
289899
289966
290079
290282
290587
290601
290605
290831
291038
291070
291145
291370
291598
291692
291762
292180
292234
292244
292278
292302
292467
292611
292628
292740
292756
292783
293019
293028
293070
293283
293387
293553
293700
293727
293831
294076
294114
294324
294347
294478
294706
294715
294810
294941
295062
295120
295165
295236
295421
295449
295793
295949
296018
296042
296131
296283
296507
296625
296638
296781
296941
297086
297104
297105
297198
297394
297576
297605
297641
297726
297805
297861
298029
298087
298101
298120
298128
298159
298181
298316
298525
298529
298560
298606
298666
298985
298989
299065
299124
299215
299344
299433
299448
299488
299596
299680
299684
299770
299780
299944
299972
300120
300131
300152
300174
300191
300234
300304
300316
300405
300419
300447
300463
300474
300519
300533
300584
300616
300626
300884
300994
301040
301109
301154
301170
301274
301505
301534
301567
301628
301848
302128
302315
302426
302477
302546
302577
302650
302709
302724
302729
302782
302811
302933
302966
303225
303235
303275
303277
303330
303358
303441
303492
303508
303518
303572
303903
303941
303959
304084
304361
304507
304509
304547
304674
304707
304714
304721
304724
304740
304975
305151
305229
305315
305347
305370
305528
305658
306115
306134
306236
306251
306545
306718
306895
307038
307054
307239
307267
307335
307382
307385
307891
308305
308540
308591
308594
308672
308688
308766
308874
309096
309128
309148
309269
309434
309538
309560
309642
309692
310130
310158
310203
310225
310245
310255
310311
310329
310526
310531
310865
311029
311074
311112
311262
311317
311400
311419
311499
311721
311740
311816
311858
311943
311944
311983
312078
312140
312298
312328
312426
312443
312457
312564
312607
312783
313007
313041
313071
313179
313191
313358
313505
313582
313859
314020
314117
314182
314455
314573
314610
314716
314736
314815
314840
314912
314916
315088
315131
315449
315620
315786
316031
316034
316035
316167
316169
316176
316399
316427
316457
316506
316559
316732
316762
317076
317144
317221
317265
317276
317402
317462
317500
317586
317608
317723
317779
317921
318135
318227
318380
318392
318593
318847
318865
319118
319189
319615
319657
319757
319760
319909
320090
320093
320111
320165
320304
320364
320573
320693
321036
321239
321417
321621
321675
321814
321982
322105
322136
322141
322142
322266
322424
322653
322695
322733
322837
322847
322879
322880
322902
323032
323405
323521
323552
323652
323698
323704
323723
323778
323800
323892
324167
324282
324436
324533
324573
324591
324661
324773
324870
324953
325122
325133
325388
325393
325446
325465
325565
325714
325933
326032
326093
326136
326309
326310
326358
326526
326550
326668
326795
327174
327408
327415
327795
327806
327864
327945
328097
328148
328174
328754
328783
328833
328846
328879
328987
328999
329119
329140
329349
329554
329592
329635
329895
329935
330023
330044
330074
330149
330254
330343
330444
330599
330638
330664
330672
330938
330939
330963
330991
331066
331136
331165
331361
331450
331498
331550
331642
331655
331657
331750
331889
332131
332298
332511
332527
332568
332613
332623
332633
332667
332742
332839
333063
333095
333266
333414
333415
333588
333598
333862
333910
333920
333963
334040
334257
334307
334363
334400
334455
334569
334678
334706
334720
334738
335039
335117
335162
335377
335471
335639
335645
335759
335775
335835
336264
336385
336391
336549
336690
336776
336810
336827
336880
336980
337069
337073
337263
337311
337411
337534
337559
337636
337651
337904
338076
338097
338148
338279
338302
338566
338706
338737
338835
339155
339166
339788
340028
340045
340059
340071
340201
340226
340247
340340
340462
340694
340710
340877
341009
341034
341043
341050
341162
341174
341196
341220
341317
341371
341643
341685
341690
341835
341882
342160
342181
342261
342263
342423
342452
342492
342654
342754
342801
343186
343198
343231
343246
343378
343588
343688
343800
343870
343975
344063
344084
344221
344250
344266
344288
344381
344502
344506
344661
344761
345025
345086
345106
345325
345365
345423
345439
345490
345509
346011
346023
346111
346123
346290
346386
346457
346875
346987
347021
347197
347497
347499
347541
347569
348138
348171
348228
348378
348601
348657
348658
348679
348780
348783
348902
349139
349140
349142
349313
349348
349393
349475
349600
349659
349731
349758
349871
349980
350226
350254
350302
350320
350399
350435
350482
350524
350745
350761
350912
350913
350945
351025
351194
351367
351477
351670
351843
351965
352093
352181
352439
352457
352619
352671
352692
352698
352721
352839
353012
353086
353112
353221
353230
353275
353316
353329
353455
353691
353737
353766
353876
353941
354081
354189
354257
354285
354316
354405
354440
354537
354547
354594
354730
354812
354837
354939
355122
355239
355344
355405
355447
355536
355747
355829
355840
355897
355918
355992
356016
356068
356109
356201
356279
356384
356388
356389
356421
356567
356576
356609
356613
356664
356690
356824
356825
356966
357057
357066
357313
357360
357439
357455
357490
357733
357861
357882
357935
357984
358009
358095
358262
358264
358298
358307
358349
358387
358400
358421
358591
358679
358873
358878
358880
358970
358985
359013
359084
359540
359560
359579
359873
360343
360393
360499
360576
360734
360789
360932
360949
361090
361255
361404
361542
361877
361953
362075
362223
362225
362595
362756
362766
362771
362821
362951
363050
363097
363136
363392
363394
363450
363665
363670
363742
363835
363848
363852
363876
364003
364113
364178
364224
364258
364338
364353
364362
364505
364559
364656
364757
364795
364921
365052
365115
365292
365536
365601
365810
365912
366136
366321
366356
366497
366626
366627
366677
366705
366860
366959
366990
367038
367051
367158
367279
367585
367655
367721
367734
367759
367949
368007
368037
368151
368297
368358
368716
368775
368780
368834
369051
369075
369098
369298
369626
369695
369855
370095
370131
370152
370240
370267
370374
370404
370443
370465
370488
370509
370586
370803
370867
370893
370897
371077
371093
371201
371222
371373
371486
371570
371695
371864
371874
372104
372270
372283
372284
372352
372666
372691
372699
372769
372791
372817
372896
372975
372982
372993
373052
373316
373346
373513
373560
374070
374120
374128
374180
374241
374312
374353
374357
374632
374774
374869
374898
374916
375024
375148
375202
375264
375372
375413
375460
375582
375936
375986
376137
376198
376364
376503
376614
376621
376685
376820
376883
376954
376973
377086
377134
377149
377440
377521
377599
377692
377716
377804
377929
378138
378335
378391
378415
378416
378535
378570
379004
379026
379468
379753
379900
380130
380137
380470
380565
380891
381188
381288
381386
381389
381445
381485
381507
381557
381610
381634
381644
381725
381782
381835
381900
381921
382065
382177
382363
382376
382608
382678
382845
383049
383262
383471
383501
383591
383594
383877
383894
384375
384572
384591
384610
384626
384867
384877
385161
385257
385258
385421
385474
385650
385662
385671
385704
385815
385910
386013
386250
386251
386269
386320
386364
386452
386482
386508
386545
386570
386769
386802
386841
386848
387074
387203
387281
387442
387525
387579
387607
387638
387877
388093
388108
388262
388282
388299
388413
388563
388861
388969
389050
389163
389197
389241
389266
389501
389789
389797
390160
390330
390515
390558
390620
390784
390859
391171
391176
391259
391261
391305
391316
391486
391638
391661
391716
391772
391798
391809
391846
391936
391997
392100
392177
392251
392727
392748
392857
392876
393074
393190
393220
393254
393367
393495
393511
393631
393661
393676
393723
393796
393903
394000
394028
394069
394132
394228
394387
394405
395099
395110
395167
395197
395248
395354
395736
395931
395937
396020
396026
396343
396779
396838
396919
397288
397394
397563
397574
397598
397635
397679
397792
397823
398070
398071
398146
398166
398169
398210
398212
398233
398509
398651
398827
398853
398932
398967
399027
399094
399151
399161
399507
399553
399563
399606
399826
400386
400806
400821
400920
401023
401157
401197
401212
401292
401349
401502
401667
401732
401812
401814
401827
401858
401859
401965
401968
402123
402166
402266
402342
402343
402344
402490
402522
402910
402951
403078
403082
403168
403231
403287
403523
403537
403910
403913
404112
404233
404569
404639
404653
404747
404755
405278
405291
405565
405628
405649
405955
405976
405977
406077
406097
406395
406420
406424
406447
406549
406644
406704
407187
407296
407358
407368
407377
407418
407506
407507
407508
407627
407652
407847
408073
408089
408119
408221
408232
408290
408456
408470
408887
408944
409009
409173
409252
409336
409341
409359
409379
409402
409452
409486
409510
409532
409844
409856
409924
409925
409951
410040
410059
410112
410329
410399
410658
410753
410799
410841
410927
411086
411107
411145
411196
411364
411401
411594
411719
411922
411963
412112
412203
412215
412325
412617
412632
412633
412635
412665
412774
412781
412786
412814
412838
412958
412971
413018
413219
413230
413291
413385
413411
413500
413561
413834
413926
413933
414081
414182
414298
414318
414336
414435
414598
414718
415096
415722
415823
416146
416471
416553
416590
416685
416702
416731
416757
416845
416885
417231
417268
417464
417467
417469
417481
417615
417739
417740
418099
418707
419263
419650
419729
419833
420019
420134
420166
420267
420366
420383
420440
420577
420610
420664
420780
420900
420970
420977
420996
421120
421170
421214
421244
421392
421663
421725
421777
421906
421939
422246
422294
422515
422672
422695
422770
422855
422973
423163
423169
423460
423530
423542
423551
423557
423633
423790
423858
423896
423912
424045
424128
424396
424466
424468
424687
424766
424975
425376
425400
425487
425603
425615
425800
426011
426073
426335
426751
426819
426932
426999
427169
427245
427255
427477
427483
427573
427626
427730
427784
427925
427999
428070
428192
428209
428399
428477
428505
428630
428680
428752
428761
428783
428821
428907
428975
429019
429084
429144
429151
429320
429343
429382
429407
429784
429840
429870
429872
429880
429915
430151
430371
430372
430377
430429
430475
430769
430813
430928
430929
430959
430962
431000
431364
431875
431934
432088
432110
432147
432154
432158
432179
432184
432198
432252
432604
432610
432873
433016
433078
433221
433415
433534
433765
433898
434005
434011
434021
434024
434224
434262
434540
434561
434687
434732
434782
434890
435021
435117
435244
435306
435972
436247
436359
436579
437190
437229
437248
437433
437440
437675
437841
437931
438054
438130
438189
438555
438738
438784
438833
438848
438892
439137
439267
439364
439472
439474
439496
439571
439572
439816
439824
439874
439883
440096
440174
440178
440184
440409
440449
440458
440484
440631
440639
440741
441152
441213
441270
441415
441416
441662
441730
441790
441936
441976
442014
442061
442365
442593
442672
442964
442996
443022
443036
443073
443095
443177
443204
443237
443405
443518
443533
443554
443664
443818
443833
444197
444210
444399
444515
444663
444788
444799
445032
445138
445150
445225
445265
445338
445414
445914
446328
446334
446369
446700
446741
446842
446892
447050
447060
447100
447174
447179
447270
447297
447525
447571
447832
448119
448418
448466
448682
448711
448819
448902
448952
448979
449208
449293
449374
449400
449636
449884
450008
450046
450112
450154
450155
450414
450567
450663
450821
450898
450934
450956
451040
451207
451213
451554
451629
451796
451857
451881
451985
452175
452187
452442
452591
452698
452758
452950
452999
453082
453328
453523
453607
453614
453705
453790
453809
453933
453976
454005
454031
454107
454152
454354
454415
454612
454727
454753
454766
454928
454948
454952
455003
455010
455020
455086
455174
455193
455195
455250
455381
455397
455460
455590
455632
455751
455823
455950
456076
456138
456450
456457
456535
456571
456723
457081
457287
457292
457519
457529
457566
457774
457811
457865
457970
458155
458283
458403
458491
458539
458556
458590
458611
458647
458672
458730
458790
458795
458863
458877
458878
458936
459019
459196
459889
460029
460250
460306
460459
460526
460721
460740
460787
460886
460974
461183
461185
461209
461303
461370
461559
461560
461589
461762
461863
462032
462276
462354
462427
462506
462715
462783
462882
462968
462970
463039
463125
463223
463353
463354
463403
463417
463622
463734
463818
463839
463964
464001
464153
464293
464320
464376
464407
464457
464588
464720
464751
464836
464961
465118
465131
465184
465445
465496
465702
465890
465928
466096
466103
466475
466495
466579
466694
466719
466754
467260
467384
467410
467483
467606
467653
467686
467762
467823
467826
467993
468038
468136
468152
468249
468340
468359
468499
468513
468657
468658
468955
469008
469088
469120
469195
469259
469304
469323
469340
469457
469549
469623
469631
469874
469876
469880
470018
470168
470169
470350
470441
470751
470924
470945
470966
471008
471024
471037
471240
471253
471254
471255
471280
471492
471513
471593
471633
471671
471795
471999
472144
472234
472374
472446
472585
472885
473060
473223
473428
473448
473557
473653
473753
473787
473967
474158
474183
474348
474466
474479
474486
474580
474635
474648
474696
474802
474808
474843
474903
474941
475035
475077
475081
475083
475091
475190
475252
475284
475317
475354
475552
475562
475563
475704
475791
476006
476070
476085
476127
476184
476405
476449
476494
476508
476605
476627
476644
476675
476823
476829
477008
477047
477145
477244
477295
477328
477366
477532
477690
477834
477966
478099
478184
478322
478448
478461
478530
478541
478572
478609
478912
478975
479117
479282
479434
479461
479611
479629
479737
479766
479990
480092
480133
480137
480257
480427
480589
480642
480656
480747
480783
480929
480973
481025
481147
481282
481389
481430
481453
481591
481861
481914
482088
482120
482152
482256
482320
482363
482656
482668
482915
482976
482989
483346
483363
483384
483389
483744
483907
484186
484210
484223
484267
484286
484371
484789
484801
484802
484959
485053
485061
485229
485245
485266
485423
485446
485458
485469
485512
485577
485581
485671
485735
485998
486047
486063
486106
486128
486134
486182
486373
486428
486547
486688
486784
486816
486843
486886
486970
487052
487062
487063
487182
487188
487197
487230
487472
487515
487876
487904
488005
488237
488244
488302
488330
488382
488530
488545
488845
488854
488856
489093
489143
489261
489311
489414
489816
489958
490055
490132
490188
490268
490300
490353
490392
490401
490524
490574
490914
491111
491478
491588
491680
491690
491705
491741
491925
491944
492012
492024
492154
492238
492263
492284
492440
492533
492554
492562
492577
492624
492625
492812
492933
492978
492990
493045
493223
493387
493389
493609
493662
493758
493821
494151
494166
494167
494245
494259
494323
494530
494553
494766
494788
494790
494795
494965
495035
495169
495256
495400
495426
495581
495589
495705
495829
495879
495898
496160
496326
496360
496380
496539
496739
496749
496870
496871
497080
497087
497491
497498
497534
497839
497951
498056
498136
498191
498239
498391
498428
498457
498533
498577
498722
499252
499280
499406
499636
499737
500109
500281
500349
500441
500633
500644
500720
500919
500975
501120
501290
501302
501315
501347
501408
501464
501644
501645
501651
501671
501725
501773
501784
501785
501825
502159
502229
502390
502472
502562
502731
502855
502942
502947
503164
503233
503297
503369
503389
503514
503572
503810
503825
504222
504247
504253
504254
504671
504716
504757
504769
505032
505109
505202
505253
505260
505345
505355
505373
505563
505590
506034
506142
506182
506234
506314
506423
506438
506462
506467
506956
506970
507101
507167
507310
507311
507791
507884
507942
508413
508419
508435
508461
508470
508622
508948
508989
509168
509199
509364
509546
509630
509634
509705
509736
509875
509980
510001
510055
510154
510313
510358
510396
510468
510546
510743
510810
510830
510897
510972
510985
511031
511175
511237
511360
511421
511618
511912
511913
512029
512406
512446
512597
512637
512643
512806
512834
512855
512856
512977
513020
513041
513068
513112
513225
513283
513325
513328
513387
513408
513410
513444
513564
513583
513629
513712
513785
513794
513811
514300
514416
514435
514462
514627
514727
514822
514839
514905
514969
515003
515096
515226
515318
515345
515401
515403
515476
515646
515673
515688
515985
516173
516507
516822
516837
516841
517219
517267
517281
517377
517504
517553
517577
517582
517718
517787
517827
517862
517942
518003
518203
518217
518268
518286
518310
518676
518749
518764
518880
518890
518905
518958
519031
519304
519325
519335
519536
519550
519600
519617
519873
519990
520295
520490
520569
520607
520694
520880
520974
521022
521056
521061
521071
521142
521174
521268
521269
521527
521590
521664
521696
521701
522007
522204
522350
522426
522709
522828
522904
523187
523228
523372
523429
523511
523543
523590
523609
523654
523729
523737
523881
524090
524131
524166
524233
524602
524774
524929
525101
525204
525220
525270
525317
525437
525507
525546
525737
525769
525878
525915
525968
526092
526172
526180
526324
526402
526527
526596
526608
526655
527261
527283
527332
527438
527440
527493
527565
527708
527957
527990
528118
528283
528306
528332
528359
528528
528585
528635
528660
528750
529107
529168
529352
529443
529534
529589
529679
530095
530287
530318
530400
530517
530708
530714
530749
530792
530819
530881
530908
530928
531028
531042
531116
531197
531206
531220
531250
531391
531392
531430
531439
531723
531745
531828
531958
532250
532371
532463
532509
532563
532624
532695
532943
533043
533304
533330
533392
533457
533508
533600
533756
533925
533977
534052
534122
534194
534208
534304
534411
534425
534492
534565
534683
534694
534897
534961
535119
535158
535214
535242
535285
535315
535404
535489
535518
535650
535709
535823
536112
536199
536209
536210
536307
536314
536399
536492
536597
536666
536890
536899
536962
537034
537044
537142
537175
537229
537284
537307
537441
537599
537734
537744
537808
538091
538097
538102
538296
538326
538341
538511
538600
538625
538795
538931
538941
538987
539082
539368
539379
539779
539896
539956
540090
540140
540175
540226
540231
540260
540261
540312
540360
540445
540474
540503
540649
540833
540894
541084
541103
541159
541338
541458
541508
541651
541711
541974
542041
542164
542167
542291
542356
542365
542396
542665
542763
542779
542839
542964
543002
543208
543275
543485
543519
543746
544021
544109
544161
544219
544276
544377
544379
544433
544451
544532
544784
544918
545025
545137
545399
545478
545501
545510
545578
545632
545708
545783
546043
546261
546472
546543
546603
546651
546676
546838
546883
547272
547278
547360
547361
547420
547471
547475
547573
547632
547720
547739
547956
548038
548217
548384
548407
548454
548627
548833
548874
548912
549116
549149
549167
549169
549215
549247
549301
549321
549511
549644
549813
549913
550000
550281
550319
550474
550576
550586
550710
550762
550763
550831
551042
551090
551191
551262
551318
551389
551616
551742
551806
552016
552039
552118
552245
552483
552769
552834
552861
552990
553148
553158
553197
553288
553326
553637
553902
553912
553944
554208
554329
554343
554580
554597
554611
554686
554786
554863
554879
554898
554930
554980
555119
555219
555380
555501
555515
555635
555650
555704
556094
556137
556247
556301
556438
556474
556475
556590
556626
556711
557102
557216
557344
557432
557511
557557
557883
558018
558063
558178
558380
558463
558472
558539
558579
558722
559000
559094
559095
559176
559215
559359
559368
559447
559457
559564
559795
559812
559958
560291
560324
560373
560437
560458
560545
560547
560698
560806
560823
560841
560874
560889
560921
561030
561165
561255
561307
561315
561526
561527
561565
561667
561704
561886
562007
562054
562308
562326
562365
562439
562483
562695
562822
562867
562947
563041
563055
563302
563411
563558
563707
563927
564001
564114
564276
564315
564398
564457
564668
565040
565058
565406
565464
565922
565923
565981
566094
566110
566126
566335
566374
566455
566602
566636
566786
566934
566990
567087
567126
567506
567547
567593
567645
567679
567774
567820
567844
568183
568224
568336
568452
568483
568497
568524
568574
568590
568758
568770
568913
568914
568954
569032
569049
569238
569603
569607
569682
569876
569905
569966
570262
570371
570376
570447
570505
570547
570692
570729
570803
570923
571132
571198
571273
571794
571859
572009
572010
572208
572303
572323
572519
572638
572647
572674
572693
572781
572938
573154
573307
573502
573565
573590
573651
573659
574002
574205
574281
574575
574580
574711
574818
574826
574837
575031
575432
575571
575706
575715
575821
575921
575940
576031
576277
576279
576288
576336
576490
576707
576798
576874
576919
577007
577011
577066
577194
577346
577395
577450
577483
577702
577781
577809
577893
577915
577994
578009
578040
578108
578284
578371
578393
578484
578487
578517
578620
578735
578833
579047
579317
579364
579522
579610
579670
579935
579949
580038
580070
580259
580334
580692
580711
580787
580907
580936
580948
581143
581162
581338
581466
581585
581756
582023
582181
582208
582251
582260
582309
582476
582598
582625
582750
582823
582836
583021
583182
583192
583327
583348
583400
583487
583553
583630
583659
583673
583723
583804
583916
583984
584057
584171
584179
584272
584300
584388
584396
584400
584624
584661
584679
584745
584986
585033
585187
585267
585396
586060
586261
586370
586557
586599
586633
586706
586839
586878
586924
586939
586943
586977
587030
587102
587128
587316
587598
587676
587883
587984
588222
588223
588257
588718
588720
588728
588742
588776
588813
588950
588977
589114
589235
589423
589474
589660
589671
589873
590090
590097
590149
590220
590256
590291
590382
590418
590634
590858
590930
590955
591001
591197
591462
591658
591661
591888
591915
592128
592256
592402
592514
592600
592645
592699
592768
592800
592818
592921
592966
593161
593233
593253
593276
593403
593409
593481
593566
593570
593654
593700
593820
593870
594132
594316
594319
594492
594538
594601
594768
594796
594830
594893
594929
595017
595149
595155
595279
595359
595363
595606
595779
595940
596026
596151
596158
596172
596191
596206
596223
596323
596394
596473
596569
596593
596667
597038
597144
597286
597515
597577
597633
597730
597772
597775
597793
597806
597903
598005
598166
598178
598347
598386
598467
598529
598535
598629
598653
598700
598724
598785
598815
598905
598973
599023
599193
599504
599562
599660
599694
600438
600652
600662
600663
600720
600821
600835
601068
601095
601169
601227
601229
601261
601354
601372
601378
601603
601619
602238
602369
602444
602476
602553
602606
602619
602621
603030
603282
603449
603504
603624
603691
603738
603761
603793
603874
603918
603980
603993
604040
604151
604192
604236
604251
604440
604782
604872
605115
605143
605249
605331
605778
605880
606049
606053
606065
606082
606161
606173
606251
606257
606306
606362
606436
606451
606499
606711
606754
606915
606941
606959
607009
607504
607531
607566
607746
607869
607901
608110
608188
608245
608346
608386
608404
608424
608436
608683
609132
609381
609556
609660
609796
609842
610009
610015
610156
610234
610235
610290
610338
610534
610685
610944
611448
611451
611581
611621
612006
612079
612265
612349
612427
612531
612762
612770
612912
612964
613061
613115
613311
613325
613358
613364
613528
613604
613704
613999
614008
614102
614128
614325
614557
614649
614857
614873
614970
615073
615198
615272
615640
616000
616022
616097
616141
616390
616413
616516
616595
616641
616669
616742
616883
616943
617186
617472
617546
617590
617615
617708
617727
617830
617833
617866
617916
617917
617968
617973
618044
618083
618086
618636
618650
618744
618776
618783
619130
619187
619235
619263
619322
619524
619534
619542
619741
619755
620008
620130
620306
620309
620381
620468
620505
620506
620508
620797
620844
620899
620954
620967
620976
620993
620998
621016
621038
621203
621273
621319
621528
621536
621653
621836
621857
621894
621960
621994
622113
622183
622261
622461
622539
622575
622730
622749
622792
623007
623019
623125
623212
623537
623754
623819
623874
623906
624252
624255
624300
624302
624475
624608
624870
625232
625443
625464
625657
625692
625706
625769
625827
625881
625882
626253
626326
626428
626545
626581
626597
626665
626911
626990
627170
627202
627203
627263
627366
627374
627439
627503
627557
627629
627659
627717
627718
627877
627945
627946
627987
628249
628414
628532
628533
628693
628979
629381
629523
629574
629651
629664
629667
629671
629838
629852
629853
630095
630274
630282
630425
630614
630692
630756
630799
630973
631031
631275
631288
631296
631320
631403
631536
631684
631791
631801
631891
631972
632190
632191
632730
632821
632847
632858
632929
632950
632983
633037
633071
633157
633198
633201
633256
633276
633364
633392
633526
633528
633542
633558
633589
633759
633839
633925
633961
634156
634166
634171
634309
634414
634427
634496
635070
635145
635203
635208
635215
635231
635271
635438
635457
635469
635536
635553
635802
635942
635977
636183
636373
636490
636497
636536
636806
636917
636985
637003
637032
637048
637485
637559
637896
637977
638048
638151
638161
638271
638303
638602
638667
638738
638748
638761
638806
638946
638991
639060
639277
639562
639616
640035
640316
640317
640336
640462
640463
640499
640506
640806
640865
640893
641226
641376
641404
641459
641595
641607
641736
641809
641821
641969
642196
642203
642243
642294
642355
642509
642552
642632
642678
642701
642904
643042
643127
643475
643768
643946
643996
644032
644060
644094
644449
644507
644670
644683
644685
644712
645094
645096
645188
645241
645361
645449
645504
645678
645723
645856
645932
645999
646057
646076
646125
646447
646529
646538
647031
647050
647174
647229
647307
647526
647557
647597
647622
647661
647672
647673
647754
647999
648050
648134
648135
648180
648264
648567
648633
648834
648974
649204
649213
649267
649470
649474
649495
649790
649823
649888
649898
649992
649999
650009
650152
650203
650291
650388
650448
650595
650805
651026
651066
651151
651261
651296
651530
651636
651851
651884
651918
652308
652465
652496
652643
652707
652870
653064
653189
653345
653490
653581
653674
653749
653786
653955
654438
654509
654541
654664
654754
654815
654940
654952
655020
655033
655041
655291
655354
655401
655511
655520
655769
655854
655941
656007
656112
656138
656273
656308
656313
656544
656597
656763
656787
657032
657241
657261
657469
657791
657818
658027
658105
658119
658145
658167
658175
658283
658336
658351
658610
658956
658996
659068
659083
659262
659320
659341
659424
659568
659751
659788
659951
659977
660213
660447
660636
660645
660648
660768
660869
660983
661071
661155
661250
661392
661397
661490
661649
661836
661855
661864
661934
662088
662108
662241
662307
662436
662624
662652
662769
662830
662908
663095
663249
663259
663304
663705
664330
664341
664465
664480
664651
665273
665290
665379
665605
665729
665794
665847
666302
666321
666369
666593
666617
666680
666737
666871
666941
667003
667047
667201
667334
667353
667424
667569
667706
667734
667837
667849
667869
667996
668342
668597
668640
668761
669093
669120
669200
669239
669277
669377
669423
669436
669633
669692
669698
669759
669803
669832
669881
669898
669948
669972
669973
670014
670029
670034
670046
670085
670618
670740
670748
670928
671173
671331
671360
671428
671471
671485
671524
671708
671724
671734
671888
671892
672043
672135
672151
672378
672675
672799
673003
673130
673172
673298
673318
673337
673540
673587
673653
673766
673854
673892
673995
674212
674336
674398
674403
674493
674525
674561
674608
674818
674842
674931
674960
675131
675242
675587
675612
675839
675855
675862
676065
676511
676541
676629
676672
676708
676868
676891
676899
676967
677164
677517
677591
677602
677606
677619
677658
677669
677701
677754
677778
677917
677935
677936
677950
678009
678121
678409
678503
678504
678624
678795
678911
678999
679151
679314
679340
679355
679377
679745
679820
679840
679845
679862
679979
679981
680038
680045
680084
680124
680145
680163
680248
680667
680755
680818
680922
680959
680973
681137
681149
681329
681391
681488
681524
681570
682366
682396
682444
682522
682618
682640
682698
682725
682781
682793
682811
682911
682920
682994
683058
683071
683082
683199
683210
683571
683748
683773
683865
683873
684136
684145
684233
684234
684378
684632
684752
684838
684976
685242
685275
685492
685514
685706
685737
685756
685822
685872
685927
685946
685989
685991
686032
686121
686191
686394
686505
686567
686622
686797
686821
686890
687013
687189
687255
687316
687350
687355
687356
687387
687414
687445
687492
687819
687860
687879
688036
688270
688481
688550
688575
688620
688732
688788
688866
689004
689005
689017
689262
689671
689754
689888
689907
690035
690286
690302
690325
690463
690497
690641
690755
690998
691064
691229
691262
691686
691820
691825
691882
692074
692112
692260
692392
692516
692619
692640
692762
692879
692881
692890
693104
693184
693188
693369
693589
693592
693622
693715
693748
693813
693989
694160
694170
694291
694367
694399
694446
694453
694495
694605
694696
694948
695058
695209
695348
695415
695674
695711
695718
695831
695866
696059
696066
696296
696322
696386
696434
696440
696456
696680
696681
697077
697109
697209
697527
697635
697690
697934
698030
698118
698197
698282
698292
698325
698402
698567
698587
698610
698925
699242
699258
699539
699845
699854
699972
700000
700095
700122
700222
700224
700228
700243
700279
700318
700380
700390
700433
701296
701343
701375
701397
701646
701786
701817
701920
701939
701969
702006
702110
702114
702207
702402
702590
702729
702799
703048
703089
703104
703152
703158
703206
703222
703457
703482
703502
703597
703851
703891
704360
704580
704583
704592
704681
704696
704747
704765
704778
704779
704817
704910
705027
705274
705308
705325
705421
705469
705537
705607
705648
705695
705733
705866
706257
706326
706460
706555
706860
706983
706995
707105
707108
707168
707178
707404
707492
707776
707801
708098
708112
708180
708181
708286
708309
708348
708535
708611
708711
708879
709052
709063
709143
709252
709264
709291
709532
709694
709699
709756
709788
709813
709877
709964
710044
710261
710325
710413
710731
710785
710898
711068
711371
711454
711466
711622
711660
711815
711820
711916
711953
711989
712083
712109
712227
712230
712522
712580
712624
712682
712737
712906
712908
713098
713167
713377
713630
713647
713661
713664
713872
713873
713973
714018
714038
714039
714109
714187
714276
714339
714390
714406
714471
714472
714601
714640
714704
714787
714913
714915
714937
715013
715095
715101
715348
715377
715563
715631
715797
715808
715830
715840
715906
716007
716048
716262
716388
716440
716458
716465
716501
716601
716619
716670
716899
717047
717154
717220
717250
717275
717470
717564
717584
717714
717941
717960
718645
718655
718812
718886
718954
719115
719180
719203
719265
719273
719395
719436
719521
719545
719677
719987
720094
720158
720441
720544
720947
721022
721085
721123
721276
721532
721704
721951
721959
722174
722624
722633
722896
723119
723322
723423
723561
723633
723920
723924
723931
723968
724066
724136
724325
724389
724475
724581
724651
724691
724763
724772
724790
724854
724912
725114
725118
725161
725219
725276
725292
725455
725605
725607
725649
725653
725760
726006
726305
726653
726706
726714
727032
727181
727363
727566
727570
727626
727662
727695
727844
727949
727953
727996
727997
728015
728166
728290
728301
728372
728661
728708
728747
728870
729013
729121
729194
729205
729312
729326
729566
729754
729786
729861
729869
729873
729947
729960
730209
730298
730359
730386
730669
730964
731037
731123
731169
731254
731334
731349
731376
731401
731531
731542
731826
731847
731852
731883
732444
732576
732659
732712
732765
732851
732855
733087
733108
733113
733269
733327
733369
733381
733398
733550
733554
733596
733610
733779
733847
733864
733945
734137
734186
734244
734275
734305
734324
734464
734537
734889
735021
735068
735106
735177
735215
735228
735319
735322
735627
735728
735820
735930
736031
736213
736234
736254
736276
736296
736357
736484
736519
736587
736798
736850
736895
736947
737182
737219
737799
737835
737899
738045
738060
738090
738195
738278
738279
738390
738414
738554
738657
738802
738868
738934
739040
739056
739188
739261
739309
739331
739376
739602
739634
739690
740030
740165
740231
740318
740328
740504
740505
740591
740599
740845
740979
741111
741116
741135
741259
741330
741370
741409
741537
741578
741579
741659
741660
741680
741713
741868
741944
741980
742131
742257
742580
742596
742659
742717
742738
742783
742911
743090
743219
743316
743324
743356
743428
743574
743796
743839
743932
743949
744061
744220
744307
744584
744761
744823
744937
745287
745412
745547
745578
745907
746002
746011
746375
746622
746663
746754
746919
746962
747132
747449
747583
747854
748199
748353
748384
748429
748491
748545
748568
748579
748722
748763
749029
749080
749104
749115
749323
749433
749650
749674
749678
749692
749750
749771
749926
749927
749931
750043
750103
750392
750731
750808
750907
750925
750928
750942
750946
751066
751674
751694
751696
751756
751850
752011
752064
752141
752151
752220
752578
752787
752818
752880
752948
753284
753406
753782
753839
754694
754730
754831
754970
754971
755156
755209
755236
755267
755345
755463
755584
755589
755605
755632
755641
755720
756340
756457
756507
756529
756944
757290
757295
757303
757377
757421
757583
757632
757634
757641
757806
758010
758187
758200
758275
758308
758309
758616
758638
758650
758714
758781
758867
759210
759280
759347
759511
759624
759756
759808
759872
759888
759941
760004
760234
760249
760267
760323
760436
760849
760899
760906
760915
761404
761563
761592
761724
761789
761790
761978
761989
762135
762246
762350
762366
762456
762581
762595
762671
762782
762980
763189
763367
763406
763951
764044
764070
764449
764759
764853
764919
764940
765488
765497
765546
765601
765651
765674
765814
765832
765891
765952
766062
766151
766161
766190
766317
766338
766592
766616
766642
766665
766736
766776
766942
766997
767013
767189
767381
767383
767585
767642
767667
767713
767901
767929
767986
768462
768492
768538
768622
768853
768880
768956
769062
769160
769447
769456
769540
769558
769624
769765
769828
769830
769870
769906
770056
770240
770372
770407
770478
770849
770901
771118
771333
771451
771597
771760
772173
772237
772243
772414
772534
772611
772627
772628
772657
773147
773155
773218
773237
773348
773598
773811
773996
774057
774247
774252
774309
774471
774523
774538
774607
774620
774733
774859
774909
775138
775150
775186
775285
775430
775462
775501
775562
775751
775765
775812
775823
775840
775931
776202
776500
776513
776675
776685
776744
776780
776819
777006
777225
777417
777471
777506
777631
777734
777783
777793
777815
777877
777995
778070
778226
778236
778245
778277
778412
778740
778806
778939
778958
779044
779151
779354
779382
779503
779550
779631
779920
779998
780083
780105
780114
780450
780688
780691
780729
780821
780860
781114
781143
781204
781471
781474
781536
781711
781719
781823
781843
781867
781907
782367
782369
782382
782495
782520
782528
782537
782595
782663
782669
782719
782819
782867
782989
783074
783124
783176
783523
783645
783655
783906
784027
784074
784236
784239
784437
784513
784698
784851
784895
785085
785086
785366
785480
785658
785683
785711
785766
785977
786032
786061
786094
786147
786216
786225
786290
786345
786453
786492
786527
786534
786591
786691
786714
786798
786818
786988
787133
787186
787252
787377
787386
787472
787767
788201
788213
788214
788255
788316
788464
788623
788695
788706
788769
788793
788986
789015
789138
789148
789168
789330
789493
789790
789797
789857
789956
789973
789988
790135
790158
790207
790233
790426
790566
790591
790595
790620
790752
790961
790992
791108
791124
791136
791148
791149
791283
791317
791561
791579
791737
791867
791922
791923
791989
792049
792052
792093
792145
792298
792740
792854
793118
793122
793226
793244
793297
793529
793597
793654
793670
793980
794001
794045
794249
794255
794326
794377
794450
794742
794821
795046
795379
795426
795670
795966
796098
796532
796709
796855
797115
797289
797541
797542
797961
797985
798056
798075
798082
798155
798223
798300
798326
798454
798533
798536
798570
798583
798782
798800
798804
798840
799192
799481
799501
799511
799531
799557
799814
799875
799947
800008
800064
800117
800317
800363
800417
800532
800748
800770
800938
801138
801253
801399
801447
801700
801924
801972
801981
802221
802223
802283
802289
802595
802617
802620
802951
803024
803149
803162
803173
803370
803374
803529
803854
803866
804175
804405
804480
804504
804510
804746
805059
805350
805617
805645
805733
805779
805908
805962
805973
806128
806145
806195
806374
806443
806497
806605
806913
807155
807484
807487
807725
807798
807833
807856
808022
808224
808429
808539
808700
808721
808825
808894
808939
809120
809190
809227
809254
809612
809774
810081
810146
810337
810497
810729
810841
810894
810968
811113
811144
811174
811267
811447
811457
811675
811870
811879
812023
812025
812062
812077
812163
812205
812333
812428
812687
812908
812919
813000
813058
813059
813267
813419
813482
813566
813610
813655
813722
813733
813765
813908
813923
813962
814078
814268
814414
814416
814434
814722
814748
814835
814856
814952
815163
815244
815477
815489
815501
815502
815745
815941
815985
816084
816174
816231
816253
816448
816458
816463
816484
816874
816886
817314
817347
817374
817516
817747
817769
817770
817822
817884
817950
817968
818113
818176
818230
818401
818417
818653
819010
819039
819097
819128
819134
819135
819264
819278
819281
819553
819618
819678
819838
819839
819851
819934
819982
820024
820044
820119
820142
820351
820383
820402
820471
820614
820781
820912
820940
820949
821133
821212
821233
821341
821372
821480
821530
821544
821858
822074
822084
822088
822127
822338
822581
822638
822700
822897
822925
823165
823170
823262
823331
823344
823377
823495
823624
823770
823925
823972
824208
824221
824337
824417
824453
824483
824581
824672
824775
824854
824865
825029
825036
825150
825432
825461
825565
825611
825631
825683
825850
825895
826119
826218
826232
826253
826390
826528
826553
826819
826932
826933
827010
827062
827140
827251
827269
827307
827407
827496
827533
827606
827823
827934
828439
828487
828554
828835
828902
829119
829148
829188
829377
829423
829466
829478
829504
829626
829721
829821
829832
829840
830200
830210
830242
830417
830464
830614
830716
830871
830910
830941
830996
831344
831363
831524
831712
831788
831858
832068
832070
832234
832309
832370
832433
832434
832440
832500
832588
832600
832664
832665
832735
832747
832765
832906
832930
833260
833336
833627
833651
833653
833757
833790
834016
834089
834112
834251
834257
834261
834341
834349
834504
834525
834611
834730
834888
834926
835197
835295
835338
835545
835586
835732
835773
835775
835827
835829
835911
835947
835976
836078
836209
836376
836552
836589
837008
837058
837102
837142
837507
837513
837610
837645
837668
837695
837887
838062
838225
838390
838405
838495
838623
838687
838734
838884
839016
839107
839163
839537
839683
839687
839725
839784
839842
839847
839922
839936
839993
840001
840064
840107
840149
840249
840390
840476
840705
840708
840889
841088
841103
841158
841219
841404
841405
841456
841810
842004
842218
842282
842379
842430
842474
842517
842552
842560
842612
842650
842719
842772
842864
842893
843006
843163
843204
843285
843422
843701
843745
843840
843899
843947
843987
844017
844181
844306
844354
844611
844665
844715
844831
844839
844852
844980
845002
845016
845030
845061
845188
845307
845375
845577
845631
845669
846213
846242
846300
846310
846435
846475
846497
846523
846590
846618
846636
846858
846927
846964
847112
847125
847133
847221
847288
847572
847657
847980
848067
848072
848265
848496
848582
848637
848680
848708
848785
848855
848883
848924
849258
849363
849443
849544
849559
849651
849730
849956
849976
850002
850043
850046
850145
850175
850188
850242
850494
850855
850986
851063
851151
851180
851183
851210
851697
851700
851759
851791
851897
851974
852007
852194
852216
852556
852598
852609
852621
852679
852838
852851
852966
853258
853321
853365
853505
853521
853569
853665
853666
853684
853756
853796
854266
854303
854484
854617
854702
854761
854788
854830
855140
855147
855261
855289
855332
855539
855578
855700
855754
855793
855991
856108
856269
856394
856663
856775
856786
856851
856945
856953
857018
857044
857050
857114
857224
857292
857409
857442
857650
857782
857800
857850
857895
857953
857988
858178
858594
858633
858669
858686
858859
859047
859086
859251
859255
859270
859300
859469
859511
859570
859588
859634
859683
859684
859996
860077
860105
860433
860518
860598
860895
861156
861231
861358
861495
861514
861652
861913
861929
861970
861983
862023
862127
862273
862305
862325
862521
862587
862621
862657
862726
862903
863017
863062
863133
863312
863373
863538
863591
863648
863685
863821
863933
864186
864571
864579
864589
864813
864835
864931
864932
864947
865255
865467
865520
865538
865543
865652
865728
865862
865912
865988
866055
866080
866110
866133
866455
866480
866557
866623
866733
866767
867150
867283
867350
867483
867516
867537
867585
867592
867765
867780
867834
867864
867882
867918
867923
867940
868001
868104
868201
868205
868856
868920
868993
869076
869176
869225
869234
869257
869307
869339
869355
869385
869509
869592
869653
869772
869839
869843
869974
870138
870142
870244
870464
870492
870542
870626
870700
870754
870970
871000
871057
871283
871324
871471
871510
871709
871881
872062
872079
872356
872481
872497
872555
872804
872876
872930
872950
873129
873460
873563
873664
873858
873945
874300
874344
874424
874441
874564
874628
874737
874794
874799
874822
874880
874977
875055
875155
875198
875330
875359
875371
875378
875532
875544
875597
875637
875743
875914
876165
876488
876627
876821
876860
876902
877242
877333
877387
877496
877584
877617
877710
877741
877922
878046
878216
878322
878384
878550
878562
878631
878647
878666
878703
878841
878977
878988
878999
879042
879045
879119
879177
879258
879266
879499
879626
879700
879983
880037
880201
880450
880461
880567
880742
880834
880928
880962
880971
881050
881074
881128
881322
881409
881494
881495
881645
881706
881795
881912
881947
881957
882017
882093
882801
882900
882937
882988
883022
883064
883238
883311
883346
883590
883768
883953
883975
884014
884080
884089
884131
884533
884657
884810
884995
885010
885116
885135
885242
885455
885470
885485
885609
885708
885763
885981
886149
886250
886424
886573
886636
886710
886777
886947
887015
887069
887086
887146
887161
887611
887778
887887
887898
887910
887927
887987
888000
888002
888024
888035
888065
888099
888228
888250
888434
888445
888825
888843
889150
889162
889305
889386
889576
889619
889757
889819
889846
889968
890021
890326
890562
890873
890915
891084
891105
891108
891170
891383
891404
891438
891442
891482
892034
892189
892199
892331
892588
892715
892750
892754
892883
892894
893271
893342
893420
893453
893473
893491
893602
893625
893700
893788
893803
893891
893894
893905
893973
894036
894054
894174
894313
894387
894398
894422
894452
894511
894639
894851
894898
894972
894973
894977
895107
895176
895224
895310
895388
895476
895661
895733
895779
895840
895879
895974
896019
896079
896095
896225
896320
896482
896593
896690
896821
897005
897107
897152
897271
897366
897657
897730
897765
897830
897854
897908
897964
898013
898192
898380
898441
898490
898511
898572
898585
898587
898729
898749
898766
898956
899009
899051
899057
899116
899118
899417
899447
899452
899619
899802
899971
899987
900566
900695
900876
901106
901132
901260
901348
901397
901456
901471
901495
901668
901673
901778
901858
901879
901915
901947
901994
902261
902471
902479
902557
902558
902727
902742
903053
903148
903201
903259
903269
903470
903612
903629
903662
903673
903697
903791
904003
904072
904256
904429
904430
904465
904799
904879
904964
905046
905190
905248
905426
905427
905494
905624
905644
905806
905888
905951
906082
906136
906378
906381
906476
906477
906537
906930
906941
907028
907088
907124
907170
907176
907348
907366
907401
907453
907488
907521
907659
907672
907927
907939
908001
908191
908203
908244
908383
908451
908458
908487
908605
908615
908770
908798
908807
908930
908964
909103
909322
909668
909756
909823
909983
910074
910160
910301
910324
910371
910521
910537
910548
910556
910664
910850
910900
911105
911129
911244
911282
911289
911433
911580
911597
911748
911856
911870
912093
912146
912484
912647
912787
912914
913106
913206
913372
913646
914005
914076
914086
914193
914207
914210
914373
914417
914439
914473
914623
914731
914766
914802
914868
914956
914980
914991
915008
915263
915265
915297
915326
915735
915745
915889
915943
915956
915992
916061
916213
916305
916392
916503
916765
916783
916811
916876
916908
916962
917006
917121
917352
917406
917697
917890
917900
918009
918010
918134
918315
918727
918945
918971
919195
919196
919238
919283
919326
919340
919342
919388
919402
919615
919622
919875
920282
920288
920747
920751
920766
921060
921152
921280
921297
921413
921721
921774
921790
921979
922059
922121
922507
922617
922791
922820
922844
922849
922937
923292
923308
923400
923448
923697
923992
924063
924165
924388
924454
924527
924808
924814
924934
924941
924974
924979
925000
925166
925220
925564
925567
925599
925640
925641
925701
925823
925892
925929
926009
926061
926295
926311
926315
926474
926512
926751
926853
926949
926950
927002
927034
927048
927336
927398
927433
927483
927546
928112
928350
928369
928453
928765
929175
929222
929364
929461
929469
929567
929649
929850
929866
929986
930256
930409
930485
930529
930569
930581
930638
930826
930920
931049
931067
931096
931161
931205
931315
931343
931345
931442
931501
931597
931609
931737
931788
931873
932026
932066
932164
932194
932284
932467
932526
932633
932906
932907
932929
932935
933157
933159
933301
933319
933331
933628
934319
934372
934499
934557
934625
934795
934852
934887
934930
934998
935023
935056
935059
935321
935556
935627
935865
935868
935955
936283
936307
936380
936560
936655
936832
936850
936969
936995
937349
937462
937540
937751
937897
938077
938187
938242
938300
938466
938507
938591
938731
938764
938912
938972
938979
939040
939113
939142
939248
939295
939438
939447
939468
939545
939767
939830
939973
939974
940014
940044
940130
940287
940326
940405
940757
940899
940932
941041
941213
941248
941394
941493
941646
941821
941846
942288
942308
942651
942748
942794
942880
943730
943769
943876
944032
944375
944377
944404
944479
944508
944628
944738
944759
944993
945028
945171
945182
945325
945326
945361
945611
945643
945757
945857
945938
945976
945990
946073
946132
946189
946229
946372
946529
946638
946649
946673
946815
946890
946917
946975
947015
947177
947207
947224
947405
947409
947410
947531
947623
947694
947762
947822
947833
947873
947917
947942
948041
948043
948055
948240
948271
948333
948444
948545
948837
948866
949015
949103
949127
949151
949180
949211
949327
949658
949849
949853
949939
949940
949994
950039
950091
950127
950147
950337
950340
950424
950723
950745
950894
950999
951280
951344
951387
951455
951526
951770
951788
951957
952001
952065
952536
952537
952581
952660
952872
952911
953113
953206
953456
953707
953768
953830
953856
953954
954061
954273
954433
954450
954866
954867
954884
954968
955147
955387
955390
955396
955399
955730
955894
956056
956122
956130
956143
956186
956256
956440
956447
956485
956636
956807
956846
956880
956972
957134
957163
957317
957408
957419
957453
957491
957644
957730
957826
957889
957946
957954
958197
958206
958260
958285
958678
958838
959000
959220
959274
959295
959403
959540
959615
959814
959847
959891
959992
960162
960287
960302
960342
960603
960656
960731
960755
960759
961014
961017
961018
961070
961089
961165
961171
961210
961216
961310
961311
961346
961499
961502
961586
961614
961886
962065
962113
962345
962510
962518
962622
962647
962673
962744
962886
962923
963077
963118
963247
963463
963472
963473
963611
963687
963835
964060
964219
964222
964231
964331
964382
964451
964461
964562
964587
964609
964618
964654
964675
964678
964685
964839
964948
965083
965117
965228
965581
965627
965727
965817
965846
965877
966047
966367
966590
966770
966830
966840
966950
967048
967212
967596
967677
967841
967856
967981
968002
968162
968182
968209
968342
968457
968486
968589
968590
968789
968850
968905
969042
969045
969112
969166
969607
969654
969688
969694
969816
969818
969883
970122
970164
970322
970389
970393
970444
970574
970890
970913
971116
971205
971244
971245
971384
971553
971568
971622
971729
971757
971762
971848
971901
972173
972587
972698
972743
972802
972904
973061
973075
973090
973092
973121
973207
973215
973345
973516
973549
973767
973778
973880
974045
974157
974317
974495
974511
974522
974530
974764
974790
974795
974842
974923
975056
975062
975169
975319
975384
975531
975698
975784
975789
975818
976073
976326
976431
976458
976758
976979
977024
977119
977281
977368
977384
977388
977434
977467
977820
977859
977896
978052
978091
978270
978423
978435
978495
978637
978816
978901
978904
979000
979002
979236
979250
979359
979381
979471
979536
979649
979668
979761
979862
979940
980083
980093
980266
980287
980373
980510
980548
980766
980817
980869
981027
981128
981162
981211
981242
981351
981431
981574
981764
981841
981896
981915
982182
982221
982334
982442
982458
982472
982531
982620
982839
982877
982913
982939
983028
983346
983430
983745
983777
983801
984039
984058
984120
984206
984244
984329
984538
984723
984968
985069
985072
985174
985249
985324
985394
985432
985435
985513
985651
985859
985867
985933
985956
985967
986204
986205
986256
986406
986464
986573
986679
986710
986757
986759
986954
987019
987131
987133
987155
987304
987449
987451
987555
987632
987726
987765
987834
988242
988316
988350
988432
988497
988559
988664
988775
988791
988809
988864
988883
988896
989019
989150
989155
989260
989294
989298
989326
989426
989459
989701
990135
990282
990393
990589
990605
990675
990758
990792
990816
990991
991162
991227
991267
991362
991372
991432
991455
991465
991504
991689
991691
992303
992356
992378
992583
992744
992911
992968
992974
993049
993202
993474
993681
993939
993972
994030
994116
994209
994295
994335
994406
994436
994444
994506
994578
994610
994690
994819
995014
995189
995292
995524
995577
995638
995654
995877
995925
996037
996131
996199
996302
996660
996755
996762
996821
996836
997054
997082
997116
997136
997418
997492
997618
997626
997629
997710
997820
997866
997942
998048
998105
998171
998174
998209
998350
998555
998716
998856
998860
998889
998946
999089
999341
999647
999743
999847
999904
999992
999993
